0.13870662556840723800278  0.26038392284920802710602
0.15793328653828547780691  0.10293893246253853213101
0.57902768028809470379770  0.04516739402447584456057
0.98068178350169377122114  0.62099063081759087179279
0.51341288491470071786438  0.43464461195715203833956
0.25977355265968810060784  0.36487929929502244119632
0.76653340250862145310862  0.53538621173741873793261
0.43382061220130008205587  0.24414807580797753816526
0.43436994537186801590423  0.08536027100436414938311
0.71114230780968656908669  0.86657307657094029273992
0.49516281624805447147963  0.24613177892391735479549
0.81875057222205271934001  0.91686758018738367947975
0.79732657856990263312014  0.26383251441999572284303
0.14337595751823481449172  0.35822626422925502032157
0.58055360576189463106545  0.53120517593920713039779
0.67171239356669820708134  0.23722037415692617812191
0.18649861140781884283335  0.08047730948820459861981
0.63536484878078558491410  0.37299722281563768566670
0.11487166966765342823731  0.03991821039460433095947
0.26743369853816340020458  0.71330912198248241917753
0.08185064241462447487407  0.08383434553056429150431
0.57655568102053900148007  0.63695181127353739380936
0.23630481887264626061906  0.40855128635517440338631
0.54475539414654983172426  0.98553422650837729790396
0.19092379528183844872302  0.26453444013794363831593
0.65538499099703972916586  0.10428174687948241206037
0.02356028931546983243295  0.57673879207739497942953
0.15747550889614550517770  0.67445905941953798734545
0.90600299081392865474527  0.68401135288552505908655
0.97256385998107852675076  0.61754203924680317605578
0.51545762504959258265558  0.72881252479628899632047
0.65022736289559612821165  0.85338908047730943629006
0.88604388561662650314332  0.72859889522995702204611
0.27918332468642231836142  0.19269386883144626332331
0.85540330210272530475635  0.86025574510940883143917
0.75908688619647812778624  0.14603106784264657802552
0.76378673665578178386681  0.98840296639912106346770
0.34028138065736868167477  0.92944120609149449840913
0.56093020416882843903750  0.96923734244819481631339
0.83745841853083891059839  0.44920194097720267389917
0.97775200659199801300758  0.76107058931241799992762
0.42292550431836911650763  0.54606769005401778471764
0.91836298715170749940029  0.87270729697561566506891
0.40681173131504255735535  0.28040406506546222686893
0.72933133945738093384392  0.18085268715475935619175
0.90945158238471635048228  0.53993346964934230136635
0.50209051789910585927856  0.64815210425122837811784
0.83260597552415538391557  0.75057222205267493109204
0.06463820307016204802508  0.97253334147160253042586
0.03592028565324869443520  0.97247230445265053777604
0.81929990539262065318837  0.69978942228461560315367
0.12479018524735252526625  0.16162602618488114414319
0.08185064241462447487407  0.83010345774712368527304
0.75536362804040646512505  0.87926877651295509696894
0.07947019867549669214224  0.44999542222357857834680
0.86388744773705250512563  0.22919400616473892262626
0.26285592211676384044594  0.42091128269295330355249
0.72585222937711724178200  0.30539872432630388310315
0.08890041810357982021706  0.65575121311075168506477
0.25153355510116887083782  0.93032624286629839183149
